00002000000000001000000
00000000000000000000000
00010000000000002000000
00000000000000000000000
00000000010000000000000
00000000000000020000000
00000000000000000000000
00010000000000000000000
00000002000000000001000
00000000000000000000000
00000000000000000000000
00002000000000000000200
00010000000000002000000
00200000000000000000100
00000000000000001000000
00000000000000000000200
00000000000000000200000
00200000000000000000000
00000010000000000000000
00000000000000000000000
00002000000000000000100