99999999999999999999999
99999999999999999999999
99999999999999999999999
99999999999999999999999
99999999999999999999999
99999999999999999999999
99999999999999999999999
99999999999999999999999
99999999999999999999999
99999999999999999999999
99999999999999999999999
99999999999999999999999
66666666666666666666666
66666666666666666666666
66666666666666666666666
66666666666666666666666
66666666666666666666666
66666666666666666666666
66666666666666666666666
66666666666666666666666
66666666666666666666666